   1       0 ram0 0 0 0 0 0 0 0 0 0 0 0 0 0 0 0 0 0
   1       1 ram1 0 0 0 0 0 0 0 0 0 0 0 0 0 0 0 0 0
   1       2 ram2 0 0 0 0 0 0 0 0 0 0 0 0 0 0 0 0 0
   1       3 ram3 0 0 0 0 0 0 0 0 0 0 0 0 0 0 0 0 0
   1       4 ram4 0 0 0 0 0 0 0 0 0 0 0 0 0 0 0 0 0
   1       5 ram5 0 0 0 0 0 0 0 0 0 0 0 0 0 0 0 0 0
   1       6 ram6 0 0 0 0 0 0 0 0 0 0 0 0 0 0 0 0 0
   1       7 ram7 0 0 0 0 0 0 0 0 0 0 0 0 0 0 0 0 0
   1       8 ram8 0 0 0 0 0 0 0 0 0 0 0 0 0 0 0 0 0
   1       9 ram9 0 0 0 0 0 0 0 0 0 0 0 0 0 0 0 0 0
   1      10 ram10 0 0 0 0 0 0 0 0 0 0 0 0 0 0 0 0 0
   1      11 ram11 0 0 0 0 0 0 0 0 0 0 0 0 0 0 0 0 0
   1      12 ram12 0 0 0 0 0 0 0 0 0 0 0 0 0 0 0 0 0
   1      13 ram13 0 0 0 0 0 0 0 0 0 0 0 0 0 0 0 0 0
   1      14 ram14 0 0 0 0 0 0 0 0 0 0 0 0 0 0 0 0 0
   1      15 ram15 0 0 0 0 0 0 0 0 0 0 0 0 0 0 0 0 0
   7       0 loop0 256 0 2332 608 88 0 212 449 0 390 1117 0 0 0 0 21 59
   7       1 loop1 0 0 0 0 0 0 0 0 0 0 0 0 0 0 0 0 0
   7       2 loop2 0 0 0 0 0 0 0 0 0 0 0 0 0 0 0 0 0
   7       3 loop3 0 0 0 0 0 0 0 0 0 0 0 0 0 0 0 0 0
   7       4 loop4 0 0 0 0 0 0 0 0 0 0 0 0 0 0 0 0 0
   7       5 loop5 0 0 0 0 0 0 0 0 0 0 0 0 0 0 0 0 0
   7       6 loop6 0 0 0 0 0 0 0 0 0 0 0 0 0 0 0 0 0
   7       7 loop7 0 0 0 0 0 0 0 0 0 0 0 0 0 0 0 0 0
 179       0 mmcblk0 30543 32821 516958 56727 41474 49339 488356 183033 0 53920 239761 0 0 0 0 0 0
 179       1 mmcblk0p1 13159 15033 325186 28401 13812 17202 258048 55945 0 25680 84347 0 0 0 0 0 0
 179       2 mmcblk0p2 1232 7587 25894 1628 7 3 17 23 0 740 1651 0 0 0 0 0 0
 179       3 mmcblk0p3 2 0 16 1 0 0 0 0 0 0 1 0 0 0 0 0 0
 179       5 mmcblk0p5 25 643 682 57 1 0 1 10 0 40 67 0 0 0 0 0 0
 179       6 mmcblk0p6 0 0 0 0 0 0 0 0 0 0 0 0 0 0 0 0 0
 179       7 mmcblk0p7 7573 2896 26292 9357 5008 7661 28528 13613 0 12380 22971 0 0 0 0 0 0
 179       8 mmcblk0p8 617 1 76456 2380 64 8128 65536 1675 0 2080 4056 0 0 0 0 0 0
 179       9 mmcblk0p9 7892 6661 61256 14842 22582 16345 136226 111764 0 17720 126607 0 0 0 0 0 0
 179      96 mmcblk0gp3 371 842 5196 300 315 326 1754 1021 0 380 1322 0 0 0 0 0 0
 179      80 mmcblk0gp2 19 60 348 32 1 0 2 1 0 30 33 0 0 0 0 0 0
 179      64 mmcblk0gp1 5 0 200 4 0 0 0 0 0 10 4 0 0 0 0 0 0
 179      48 mmcblk0gp0 114281 363285 2846578 162796 1 0 2 48 0 147900 162845 0 0 0 0 0 0
 179      32 mmcblk0boot1 0 0 0 0 0 0 0 0 0 0 0 0 0 0 0 0 0
 179      16 mmcblk0boot0 0 0 0 0 0 0 0 0 0 0 0 0 0 0 0 0 0
 254       0 pramdisk0 0 0 0 0 0 0 0 0 0 0 0 0 0 0 0 0 0
 253       0 dm-0 8807 0 25894 50930 10 0 17 10 0 750 50940 0 0 0 0 0 0
