cpu  4951017 0 1669889 8115581 5105 0 2303 0 0 0
cpu0 1216307 0 438591 2011724 1189 0 1622 0 0 0
cpu1 1244503 0 410298 2034673 1312 0 221 0 0 0
cpu2 1246352 0 409596 2034204 1336 0 234 0 0 0
cpu3 1243855 0 411404 2034978 1266 0 226 0 0 0
intr 180836582 190791 69777223 0 0 0 0 0 0 0 0 0 0 0 0 0 0 0 0 69850649 0 0 0 0 885 5429 0 641 0 0 1268 0 0 0 0 0 0 0 0 0 0 0 1 0 0 0 0 0 0 0 0 776 0 0 0 0 8892946 5161198 6227327 2497274 5009522 60 10453647 105130 1785204 0 0 0 0 0 0 0 0 0 0 0 0 514845 0 0 0 0 0 0 0 0 0 0 0 0 0 0 0 0 0 0 0 0 0 0 0 0 0 0 0 0 0 0 0 0 0 0 0 0 0 139 0 149476 0 187150 0 0 176 0 0 0 0 0 0 0 0 0 0 0 0 0 23662 0 0 0 1163
ctxt 276713398
btime 1776653652
processes 103991
procs_running 6
procs_blocked 0
softirq 21920257 38 3937554 57082 163377 163434 0 43591 9661277 0 7893904
