                    CPU0       CPU1       CPU2       CPU3       
          HI:          0         23          0         15
       TIMER:    1164025     911220     937441     924876
      NET_TX:        142      37955      18985          0
      NET_RX:     137700       8505       8782       8390
       BLOCK:      39129      41503      42278      40524
    IRQ_POLL:          0          0          0          0
     TASKLET:      43496         56          0         39
       SCHED:    2492799    2423784    2394182    2350539
     HRTIMER:          0          0          0          0
         RCU:    1967170    1975996    1973586    1977185
