1776691664
0
1008
1316
1300
1292
1258
1257
1261
1261
1255
1254
1261
1302
1315
1314
1315
1297
1260
1263
1260
1253
1260
1260
1257
1267
1312
1312
1315
1294
1277
1260
1256
1264
1257
1255
1271
1279
1321
1321
1322
1308
1271
1258
1258
1262
1257
1264
1263
1261
1291
1318
1319
1323
1280
1267
1257
1255
1264
1255
1272
1262
1265
1313
1320
1328
1314
1289
1271
1261
1255
1256
1256
1295
1255
1314
1305
1318
1319
1319
1264
1325
1327
1329
1325
1321
1328
1325
1326
1331
1322
1329
1327
1320
1321
1326
1322
1321
1319
1323
1321
1321
1325
1316
1270
1270
1263
1263
1264
1262
1296
1270
1314
1327
1334
3333
1326
1330
1335
1341
1332
1333
1333
1334
1323
1329
1345
1345
1339
1331
1333
1333
1333
1333
1335
1333
1327
1341
1334
1337
1336
1347
1333
1336
1334
1333
1336
1351
1334
1332
1334
1334
1334
1337
1336
1331
1337
1331
1339
1332
1335
1341
1334
1335
1330
1335
1339
1334
1341
1330
1346
1348
1332
1337
1332
1336
1338
1336
1338
1333
1335
1340
1337
1341
1335
1343
1336
1333
1345
1336
1338
1338
1335
1335
1341
1334
1337
1335
1332
1333
1338
1342
1332
1337
1334
1336
1338
1337
1337
1335
1337
1333
1338
1337
1338
1339
1339
1338
1340
1337
1334
1268
1263
1264
1287
1314
1328
1318
1286
1266
1266
1265
1265
1268
1267
1265
1285
1309
1320
1318
1311
1265
1265
1263
1263
1259
1262
1263
1260
1276
1318
1326
1326
1320
1273
1276
1270
1276
1281
1275
1291
3744
3768
1282
3802
3802
1279
1278
3769
1335
1282
1280
1324
1331
1257
1242
1224
1220
1218
1215
1243
1260
1265
1235
1204
1207
1197
1200
1202
1196
1198
1197
1248
1259
1250
1241
1206
1195
1197
1198
1196
1200
1194
1210
1242
1250
1243
1203
1197
1191
1189
1193
1235
1189
1245
1238
1250
1230
1186
1195
1195
1196
1191
1187
1192
1246
1238
1248
1220
1204
1193
1202
1190
1190
1191
1195
1194
1220
1247
1254
1220
1197
1196
1193
1237
1186
1188
1189
1191
1243
1248
1237
1189
1194
1188
1185
1197
1196
1186
1212
1258
1256
1242
1211
1211
1216
1222
1223
1293
1218
1220
1218
1252
1271
1277
1283
1275
1231
1227
1225
1227
1224
1225
1225
1278
1273
1291
1291
1285
1273
1228
1227
1844
714
1443
1770
1609
1264
1263
1228
1225
1232
1231
1225
1229
1242
1265
1280
1284
1282
1234
1234
1220
1262
1214
1209
1214
1238
1249
1274
1276
1269
1230
1214
1209
1210
1216
1212
1208
1209
1242
1251
1271
1269
1251
1209
1206
1213
1213
1219
1211
1213
1256
1262
1276
1235
1221
1209
1207
1211
1210
1210
1210
1208
1254
1263
1263
1260
1208
1210
1199
1202
1202
1202
1206
1237
1256
1263
1262
1260
1203
1200
1203
1198
1201
1202
1198
1215
1254
1266
1259
1250
1212
1203
1200
1202
1201
1202
1202
1217
1245
1262
1258
1259
1224
1200
1203
1200
1198
1201
1199
1206
1237
1260
1255
1238
1213
1205
1201
1204
1199
1202
1208
1220
1226
1282
1275
1259
1205
1207
1226
1240
1216
1239
1207
1209
1237
1257
1262
1257
1236
1210
1208
1202
1210
1210
1204
1230
1299
1284
271
1594
1301
1245
1445
1424
1422
1331
1385
1258
1418
1307
1466
1311
1497
1399
1426
1220
1396
1407
1471
1201
1224
1257
1259
1213
1212
1212
1200
1202
1202
1237
1273
1260
1211
1201
1199
1201
1247
1203
1203
1252
1253
1258
1245
1215
1203
1200
1203
1197
1203
1207
1237
1260
1258
1244
1216
1203
1199
1200
1202
1199
1201
1199
1243
1254
1259
1255
1217
1205
1227
1204
1197
1201
1201
1260
1244
1266
1264
1220
1208
1199
1201
1196
1193
1200
1197
1209
1254
1256
1255
1208
1199
1200
1195
1201
1204
1204
1198
1233
1253
1260
1255
1220
1200
1195
1192
1197
1240
1240
1208
1252
1261
1257
1257
1214
1196
1199
1197
1264
1195
1204
1218
1246
1261
1255
1241
1225
1195
1195
1200
1239
1195
1193
1215
1254
1259
1256
1250
1219
1202
1248
1198
1198
1212
1232
1259
1257
1257
1207
1204
1197
1200
1197
1199
1195
1242
1254
1260
1254
1219
1208
1251
1198
1196
1195
1195
1215
1247
1255
1256
1249
1202
1197
1196
1198
1194
1191
1194
1199
1235
1250
1251
1260
1203
1196
1193
1196
1191
1191
1194
1192
1246
1250
1258
1253
1252
1199
1196
1194
1198
1195
1191
1197
1228
1253
1255
1250
1206
1203
1199
1198
1199
1201
1196
1201
1248
1258
1256
1252
1211
1198
1203
1203
1197
1204
1198
1246
1255
1259
1253
1238
1205
1195
1197
1199
1194
1195
1193
1211
1242
1257
1257
1222
1208
1197
1202
1196
1195
1196
1199
1214
1242
1258
1259
1240
1207
1199
1198
1197
1196
1197
1193
1238
1248
1257
1257
1208
1197
1197
1197
1194
1193
1199
1231
1252
1261
1248
1201
1199
1193
1196
1240
1200
1201
1208
1254
1265
1266
1233
1203
1195
1197
1209
1201
1198
1211
1246
1263
1258
1237
1199
1198
1197
1195
1204
1195
1231
1254
1264
1252
1226
1204
1196
1247
1193
1226
1199
1216
1217
1242
1259
1253
1248
1204
1203
1196
1199
1202
1196
1195
1240
1252
1259
1249
1198
1191
1192
1193
1199
1190
1214
1246
1255
1255
1222
1194
1191
1232
1192
1193
1193
1231
1244
1255
1253
1212
1194
1193
1194
1192
1190
1196
1197
1231
1248
1256
1256
1216
1193
1192
1189
1195
1192
1189
1200
1238
1251
1254
1216
1198
1189
1193
1193
1192
1260
1211
1238
1264
1251
1251
1200
1194
1190
1193
1196
1194
1196
1238
1256
1254
1239
1226
1307
1386
1205
1200
818
1417
1211
1217
1217
1219
1218
1217
1225
1271
1283
1273
1245
1224
1214
1216
1214
1257
1213
1212
1236
1260
1275
1283
1272
1234
1215
1211
1213
1209
1212
1210
1211
1237
1257
1267
1275
1274
1239
1219
1213
1209
1219
1212
1203
1205
1243
1267
1287
1273
1253
1216
1209
1246
1208
1212
1251
1211
1241
1271
1272
1261
1232
1212
